const demoData = {
  福建省: {
    技术状况: [
      { 技术等级: "优", "里程": "2913.964 " },
      { 技术等级: "良", "里程": "1456.982 " },
      { 技术等级: "中", "里程": "874.189 " },
      { 技术等级: "次", "里程": "407.955 " },
      { 技术等级: "差", "里程": "174.838 " },
    ],
    技术走势: [
      { 年份: 2016, 优: 47, 良: 28, 中: 19, 次: 4, 差: 3 },
      { 年份: 2017, 优: 42, 良: 34, 中: 15, 次: 6, 差: 3 },
      { 年份: 2018, 优: 34, 良: 34, 中: 26, 次: 3, 差: 3 },
      { 年份: 2019, 优: 27, 良: 31, 中: 37, 次: 4, 差: 1 },
      { 年份: 2020, 优: 43, 良: 29, 中: 23, 次: 4, 差: 2 },
    ],
  },
  福州分公司: {
    技术状况: [
      { 技术等级: "优", "里程": "288.968 " },
      { 技术等级: "良", "里程": "144.484 " },
      { 技术等级: "中", "里程": "86.690 " },
      { 技术等级: "次", "里程": "40.455 " },
      { 技术等级: "差", "里程": "17.338 " },
    ],
    技术走势: [
      { 年份: 2016, "1类": 27, "2类": 29, "3类": 38, "4类": 4, "5类": 1 },
      { 年份: 2017, "1类": 41, "2类": 35, "3类": 15, "4类": 6, "5类": 3 },
      { 年份: 2018, "1类": 35, "2类": 33, "3类": 25, "4类": 3, "5类": 3 },
      { 年份: 2019, "1类": 46, "2类": 28, "3类": 19, "4类": 5, "5类": 3 },
      { 年份: 2020, "1类": 44, "2类": 28, "3类": 23, "4类": 4, "5类": 2 },
    ],
  },
  养护中心1: {
    技术状况: [
      { 技术等级: "优", "里程": "286.175 " },
      { 技术等级: "良", "里程": "143.088 " },
      { 技术等级: "中", "里程": "85.853 " },
      { 技术等级: "次", "里程": "40.065 " },
      { 技术等级: "差", "里程": "17.171 " },
    ],
    技术走势: [
      { 年份: 2016, 优: 34, 良: 34, 中: 26, 次: 3, 差: 3 },
      { 年份: 2017, 优: 27, 良: 31, 中: 37, 次: 4, 差: 1 },
      { 年份: 2018, 优: 47, 良: 28, 中: 19, 次: 4, 差: 3 },
      { 年份: 2019, 优: 42, 良: 34, 中: 15, 次: 6, 差: 3 },
      { 年份: 2020, 优: 43, 良: 29, 中: 23, 次: 4, 差: 2 },
    ],
  },
  连江养护站: {
    技术状况: [
      { 技术等级: "优", "里程": "41.169 " },
      { 技术等级: "良", "里程": "20.585 " },
      { 技术等级: "中", "里程": "12.351 " },
      { 技术等级: "次", "里程": "5.764 " },
      { 技术等级: "差", "里程": "2.470 " },
    ],
    技术走势: [
      { 年份: 2016, 优: 47, 良: 28, 中: 19, 次: 4, 差: 3 },
      { 年份: 2017, 优: 42, 良: 34, 中: 15, 次: 6, 差: 3 },
      { 年份: 2018, 优: 34, 良: 34, 中: 26, 次: 3, 差: 3 },
      { 年份: 2019, 优: 27, 良: 31, 中: 37, 次: 4, 差: 1 },
      { 年份: 2020, 优: 43, 良: 29, 中: 23, 次: 4, 差: 2 },
    ],
  },
  沈海高速: {
    技术状况: [
      { 技术等级: "优", "里程": "324.722 " },
      { 技术等级: "良", "里程": "162.361 " },
      { 技术等级: "中", "里程": "97.416 " },
      { 技术等级: "次", "里程": "45.461 " },
      { 技术等级: "差", "里程": "19.483 " },
    ],
    技术走势: [
      { 年份: 2016, 优: 47, 良: 28, 中: 19, 次: 4, 差: 3 },
      { 年份: 2017, 优: 42, 良: 34, 中: 15, 次: 6, 差: 3 },
      { 年份: 2018, 优: 34, 良: 34, 中: 26, 次: 3, 差: 3 },
      { 年份: 2019, 优: 27, 良: 31, 中: 37, 次: 4, 差: 1 },
      { 年份: 2020, 优: 43, 良: 29, 中: 23, 次: 4, 差: 2 },
    ],
  },
  福泉高速: {
    技术状况: [
      { 技术等级: "优", "里程": "77.212 " },
      { 技术等级: "良", "里程": "46.327 " },
      { 技术等级: "中", "里程": "15.442 " },
      { 技术等级: "次", "里程": "10.810 " },
      { 技术等级: "差", "里程": "4.633 " },
    ],
    技术走势: [
      { 年份: 2016, 优: 47, 良: 28, 中: 19, 次: 4, 差: 3 },
      { 年份: 2017, 优: 42, 良: 34, 中: 15, 次: 6, 差: 3 },
      { 年份: 2018, 优: 34, 良: 34, 中: 26, 次: 3, 差: 3 },
      { 年份: 2019, 优: 27, 良: 31, 中: 37, 次: 4, 差: 1 },
      { 年份: 2020, 优: 43, 良: 29, 中: 23, 次: 4, 差: 2 },
    ],
  }
};
export  {demoData}